NSiteTypes  =  2


SiteType   =  LJ126
NSites   =  1


# N
x   =  0.0
y   =  0.0
z   =  0.075705
sigma   =  3.376
epsilon   =  182.9
mass   =  14.007

SiteType   =  Charge
NSites   =  4


# e(1)
x   =  0.0
y   =  0.0
z   =  0.075705
charge   =  -0.9993
mass   =  0.0
shielding   =  1.2

# H[e(2)]
x   =  -0.4673
y   =  0.8095
z   =  -0.3164
charge   =  +0.3331
mass   =  1.008
shielding   =  0.0

# H[e(3)]
x   =  0.9347
y   =  0.0
z   =  -0.3164
charge   =  +0.3331
mass   =  1.008
shielding   =  0.0

# H[e(4)]
x   =  -0.4673
y   =  -0.8095
z   =  -0.3164
charge   =  +0.3331
mass   =  1.008
shielding   =  0.0

NRotAxes   =   auto