NSiteTypes  =  2


SiteType   =  LJ126
NSites   =  2


# CH3
x   =  7.660331e-01
y   =  1.338147e-02
z   =  0.0
sigma   =  3.7543
epsilon   =  120.592
mass   =  15.035

# O
x   =  -6.564695e-01
y   =  -6.389332e-02
z   =  0.0
sigma   =  3.030
epsilon   =  87.879
mass   =  15.999

SiteType   =  Charge
NSites   =  3


# H[e(1)]
x   =  -1.004989e+00
y   =  8.145993e-01
z   =  0.0
charge   =  +0.43128
mass   =  1.008
shielding   =  0.4

# e(2)
x   =  -6.564695e-01
y   =  -6.389332e-02
z   =  0.0
charge   =  -0.67874
mass   =  0.0
shielding   =  1.212

# e(1)
x   =  7.660331e-01
y   =  1.338147e-02
z   =  0.0
charge   =  +0.24746
mass   =  0.0
shielding   =  1.502

NRotAxes   =   auto