NSiteTypes  =  2


SiteType   =  LJ126
NSites   =  2


# CH3
x   =  -9.467783e-01
y   =  +0.000000e+00
z   =  -1.189226e-02
sigma   =  3.6072
epsilon   =  120.15
mass   =  15.035

# N
x   =  +8.375274e-01
y   =  +0.000000e+00
z   =  +6.931904e-02
sigma   =  3.3151
epsilon   =  142.147
mass   =  14.007

SiteType   =  Charge
NSites   =  4


# e(1)
x   =  -9.467783e-01
y   =  +0.000000e+00
z   =  -1.189226e-02
charge   =  +0.19525
mass   =  0.0
shielding   =  0.6

# e(2)
x   =  +8.375274e-01
y   =  +0.000000e+00
z   =  +6.931904e-02
charge   =  -0.88653
mass   =  0.0
shielding   =  0.6

# H [ e ( 3 ) ]
x   =  +1.240133e+00
y   =  +8.124070e-01
z   =  -3.930414e-01
charge   =  +0.34564
mass   =  1.008
shielding   =  0.6

# H [ e ( 4 ) ]
x   =  +1.240133e+0
y   =  -8.124070e-01
z   =  -3.930414e-01
charge   =  +0.34564
mass   =  1.008
shielding   =  0.6

NRotAxes   =   auto