NSiteTypes  =  2


SiteType   =  LJ126
NSites   =  2


#{X}(1)
x   =  0.0
y   =  0.0
z   =  -1.84305
sigma   =  3.6861
epsilon   =  162.77
mass   =  60.011

#{X}(2)
x   =  0.0
y   =  0.0
z   =  1.84305
sigma   =  3.6861
epsilon   =  162.77
mass   =  60.011

SiteType   =  Dipole
NSites   =  1


#d
x   =  0.0
y   =  0.0
z   =  0.0
theta   =  0.0
phi   =  0.0
dipole   =  2.8245
mass   =  0.0
shielding   =  0.73722

NRotAxes   =   auto
