NSiteTypes  =  3


SiteType   =  LJ126
NSites   =  2


#N
x   =  0.000000
y   =  0.000000
z   =  0.638
sigma   =  3.233
epsilon   =  39.69
mass   =  14.007

#CH
x   =  0.000000
y   =  0.000000
z   =  -0.9671
sigma   =  3.445
epsilon   =  102.44
mass   =  13.018

SiteType   =  Dipole
NSites   =  1


#d
x   =  0.0
y   =  0.0
z   =  0.0589
theta   =  180.0
phi   =  0.0
dipole   =  -3.4084
mass   =  0.0
shielding   =  1.0

SiteType   =  Quadrupole
NSites   =  1


#q
x   =  0.0
y   =  0.0
z   =  0.0589
theta   =  0.0
phi   =  0.0
quadrupole   =  2.18
mass   =  0.0
shielding   =  1.0

NRotAxes   =   auto
