NSiteTypes  =  2


SiteType   =  LJ126
NSites   =  2


#{X}(1)
x   =  0.0
y   =  0.0
z   =  -0.57025
sigma   =  3.3009
epsilon   =  36.897
mass   =  14.005

#{X}(2)
x   =  0.0
y   =  0.0
z   =  0.57025
sigma   =  3.3009
epsilon   =  36.897
mass   =  14.005

SiteType   =  Dipole
NSites   =  1


#d
x   =  0.0
y   =  0.0
z   =  0.0
theta   =  0.0
phi   =  0.0
dipole   =  0.7378
mass   =  0.0
shielding   =  0.66018

NRotAxes   =   auto
