NSiteTypes  =  3


SiteType   =  LJ126
NSites   =  3


#CH3
x   =  0.000000
y   =  0.000000
z   =  -1.2868
sigma   =  3.835
epsilon   =  163.04
mass   =  15.035

#C
x   =  0.000000
y   =  0.000000
z   =  0.0507
sigma   =  2.81
epsilon   =  10.64
mass   =  12.011

#N
x   =  0.000000
y   =  0.000000
z   =  1.1507
sigma   =  3.368
epsilon   =  53.00
mass   =  14.007

SiteType   =  Dipole
NSites   =  1


#d
x   =  0.0
y   =  0.0
z   =  0.0
theta   =  0.0
phi   =  0.0
dipole   =  -4.1186
mass   =  0.0
shielding   =  1.0

SiteType   =  Quadrupole
NSites   =  1


#q
x   =  0.0
y   =  0.0
z   =  0.0
theta   =  0.0
phi   =  0.0
quadrupole   =  -3.1373
mass   =  0.0
shielding   =  1.0

NRotAxes   =   auto
